2
00
00
00
01
4
0001
0101
0101
1111
1111
1000
1011
1000
1010
1010
1010
1010
1111
0000
1111
0000
3
001
111
001
101
101
111
010
010
000
3
000
111
001
000
011
011
110
111
000
1
0
2
01
11
00
10
3
011
111
111
000
000
000
111
101
111
4
0000
1110
1110
0000
1111
0001
0111
0111
1111
1100
1111
1111
1111
1110
1110
1110
4
0000
0000
0000
0000
0000
0000
0000
0000
0000
0000
0000
0000
0000
0000
0000
0000
8
00000000
11110100
11000001
10110101
11110011
01110011
00110110
11010001
11010011
01100000
00000000
10100000
00000010
11100101
11100011
00010001
11110001
10010001
10101000
00000100
00010001
11111000
11110101
11000110
11100101
11100101
11000000
10100001
10001001
01101101
01010001
01111010
01110001
01010111
00110100
01111011
01100110
01101001
01100111
00000000
01010011
10110111
11110001
11110001
10101100
11110000
10100000
11000000
11110101
11010100
11111101
11010111
10001000
11100000
10000000
10000000
11011011
11101100
11000011
10111101
10011100
10000000
10000000
00000000