8 0 7
17 10 13 4 4 2 1 0
0 1 6
0 2 5
0 3 10
1 4 6
2 4 6
2 5 7
3 5 6
4 6 4
5 6 6
6 7 3
-1 -1 -1
9 0 8
18 10 9 2 4 3 5 8 0
0 1 8
0 2 6
1 3 5
1 4 6
2 5 4
2 6 7
3 7 1
4 7 3
5 7 5
6 7 2
7 8 2
-1 -1 -1
8 0 7
15 10 7 5 4 1 2 0
0 1 7
0 2 4
0 3 8
1 4 9
2 4 3
3 4 2
4 5 1
4 6 2
5 7 4
6 7 2
-1 -1 -1
9 4 1
200 0 400 750 2000 1750 500 500 400
0 1 200
2 1 400
3 6 250
4 3 1250
4 5 250
5 3 1000
5 7 1250
6 2 100
6 8 200
7 8 100
7 0 1000
8 0 200
-1 -1 -1
31 0 30
4 4 3 5 4 3 2 8 7 6 5 4 3 2 1 15 14 13 12 11 10 9 8 7 6 5 4 3 2 1 0
0 1 1
0 2 1
1 2 1
1 3 1
1 4 1
2 5 1
2 6 1
3 4 1
4 5 1
5 6 1
3 7 1
3 8 1
4 9 1
4 10 1
5 11 1
5 12 1
6 13 1
6 14 1
7 8 1
8 9 1
9 10 1
10 11 1
11 12 1
12 13 1
13 14 1
7 15 1
7 16 1
8 17 1
8 18 1
9 19 1
9 20 1
10 21 1
10 22 1
11 23 1
11 24 1
12 25 1
12 26 1
13 27 1
13 28 1
14 29 1
14 30 1
15 16 1
16 17 1
17 18 1
18 19 1
19 20 1
20 21 1
21 22 1
22 23 1
23 24 1
25 26 1
26 27 1
27 28 1
28 29 1
29 30 1
-1 -1 -1