1
1
2
11
11
3
111
101
111
6
111111
110001
101101
100101
101011
111111
13
1111111111111
1101000011111
1001000011111
1110111111111
1111111111111
1111000001111
1111100011111
1111110111111
1110001111111
1110101111111
1110101111111
1110001111111
1111111111111
26
11111111111111111111111111
11010000111111101000011111
11010000111111101000011111
11101111111101110111111111
11111111111101110111111111
11111000001101111100001111
11111000101101111110111011
11111101111111101111110111
11100011100111110111010111
11101011111111011100111111
11101011111011110001110011
11100011110111100011101111
11111111111011111111110111
11111110000101000011110111
11010000111001101100010111
10010000011111001101010111
11101101010011011111110111
11111111100110001110110111
11110000011011011000011111
11111001100111011001110111
11111101100111001010111111
11100011110111100011111111
11101011100001111101111111
11101011100111110101111011
11100011111111100001110111
11111111111111111111111111
26
11111111111111111111111111
11010000111111101000011111
11010000111111101000011111
11101111111101110111111111
11111111111101110111111111
11111000001101111100001111
11111000101101111110111011
11111101111111101111110111
11100011100111110111010111
11101011111111011100111111
11101011111011110001110011
11100011110111100011101111
11111111111011111111110111
11111110000101000011110111
11010000111001101100010111
10010000111111001101010111
11101111111011111111110111
11111111111111111110110111
11110000011011111000011111
11111001100111111001110111
11111101100111111110111111
11100011110111111011111111
11101011100001111101111111
11101011100111110101111011
11100011111111100001110111
11111111111111111111111111
50
11111111111111111111111111111111111111111111111111
11010000111111101000011111010000110111101000011111
11010000111111101000011111010000111111101000011111
11101111111101110111111111001111111101110111111111
11111111111101110111111111111111111101110111111111
11111000001101101100001111111000001001110100001111
11111000101101111110111011111000100101111110111011
11111101111111101111110110011101111111111111110111
11100001100101110110010110000011100111110111010111
11101011111111011100111111101011111111010100111111
11101111111111000011110011101101110011100001110011
11100011110111100011101011110011110110110011101111
11111111111011111111110111111111011011111111110111
11111000000001010000111111111110000111001011110111
11010000111001101100010111010101111011110100010111
10010001111111001101010110010000111111000101010111
11101111111011110111110011101111111000111111110111
11111111111111111110110110111110011111111110110111
11110000011011111000010111110000011011111100011111
11111001100111111001110111111001100011111101110111
11111101100111111110111111111101100111111110111111
11100011110111100010111111100011111111111011111111
11101011110001111101111100101011100001111101111111
11101011100110110111100011101010100111110101111011
11100011111111101001110111100011110011100001100111
11010000111111111100011111010010111111101000011111
11010000101111101000001111110000111111101000111111
11101111111101110111111111101111111101110111111111
11111111111100110111111111111100111110110011111111
11111000001101111101001011111000001101111100001111
11111000101101111110111011111100101111111110111011
11111101001111101111001111111101111111101111110111
11100111100111110111010111100011000111110011010111
11101011011001000100011111101001111100010000111111
11101011111011110001110011101011111011111001000011
11100001111111100011101111100011110111100011101111
11111111111011111111010111111111111011111111110111
11110010000101010111110111111110000111101011110111
11010010011001101100011111010000111001101100111111
10010101111111001101010110010000111111001101010111
11101111111011111111110111101111111011111111110111
11111111110011111110110111111111111111111110110111
11110001011011111001011111110000001011111000011111
11111001100111111001110111111001100111111001110111
11111101100111111110111111111101100111111110111111
11100011111111111011111111100011110111111011111111
11101011100001111101111111101011101001111101111111
11101011100111110101111011101011100111110101111011
11100011111111100001110111100011111111100001110111
11111111111111111111111111111111111111111111111111

